14,97
14,96
14,95
14,94
14,93
4294967278,516
4294967279,359
14,92
14,91
14,90
14,89
14,88
14,87
14,86
14,85
14,84
14,83
14,82
14,81
4294967279,519
14,80
14,79
14,78
14,77
14,76
14,75
14,74
14,73
14,72
14,71
14,70
14,69
14,68
14,67
14,66
14,65
14,0
14,64
14,36
14,35
14,34
14,33
14,32
14,31
14,30
14,29
14,28
14,27
4294967278,308
14,26
14,25
4294967278,311
14,24
14,23
14,22
14,21
14,20
14,19
14,18
4294967278,310
14,17
4294967278,260
4294967279,518
4294967279,346
14,16
4294967279,336
14,15
14,14
14,13
14,12
14,11
4294967279,402
14,10
4294967279,407
14,9
14,8
4294967278,258
4294967279,398
4294967279,183
4294967279,182
14,7
4294967278,261
4294967279,259
4294967279,404
4294967279,276
4294967279,256
4294967278,334
14,6
14,5
4294967278,331
4294967278,327
4294967279,252
4294967278,326
4294967279,385
4294967278,254
4294967279,251
4294967278,253
4294967279,250
4294967278,250
4294967279,249
4294967278,248
4294967279,248
4294967278,246
4294967279,246
4294967278,244
4294967279,244
4294967279,242
4294967278,240
4294967279,238
4294967278,237
4294967279,237
4294967278,234
4294967279,234
4294967278,232
4294967279,232
4294967278,230
4294967279,230
4294967278,228
4294967279,228
4294967278,226
4294967279,226
4294967278,224
4294967279,224
4294967278,222
4294967279,222
4294967278,220
4294967279,220
4294967278,218
4294967279,218
4294967278,216
4294967279,216
4294967278,214
4294967279,384
4294967278,213
4294967279,214
4294967278,212
4294967279,213
4294967278,211
4294967279,212
4294967278,210
4294967279,211
4294967278,209
4294967279,210
4294967278,208
4294967279,209
4294967278,207
4294967279,208
4294967278,206
4294967279,207
4294967278,205
4294967279,206
4294967279,205
4294967278,202
4294967279,203
4294967279,202
4294967279,200
4294967278,198
4294967278,197
4294967279,198
4294967278,196
4294967279,197
4294967278,195
4294967279,196
4294967278,194
4294967279,195
4294967279,193
4294967278,191
4294967279,191
4294967279,190
4294967279,189
4294967278,187
4294967279,188
4294967278,186
4294967279,187
4294967278,185
4294967279,186
4294967278,184
4294967279,185
4294967278,183
4294967279,184
4294967278,182
4294967279,181
4294967279,180
4294967279,179
4294967279,178
4294967279,177
4294967279,176
4294967279,175
4294967279,173
4294967279,172
4294967279,171
4294967279,170
4294967279,169
4294967279,168
4294967279,167
4294967278,165
4294967279,166
4294967278,164
4294967279,165
4294967279,154
4294967278,153
4294967278,149
4294967279,149
4294967279,147
4294967279,143
4294967279,141
4294967278,140
4294967279,140
4294967278,139
4294967278,276
4294967279,137
4294967278,136
4294967279,136
4294967278,135
4294967279,135
4294967278,134
4294967279,133
4294967278,133
4294967279,273
4294967278,285
4294967279,287
4294967278,284
4294967279,286
4294967278,273
4294967279,280
4294967278,270
4294967279,270
4294967278,269
4294967279,269
4294967278,268
4294967279,268
4294967278,267
4294967279,267
4294967278,266
4294967279,283
4294967278,265
4294967279,265
4294967278,264
4294967279,297
4294967278,279
4294967279,263
4294967278,263
4294967279,262
4294967278,262
4294967279,282
4294967278,259
4294967279,258
11,5
11,6
4294967278,257
11,4
4294967279,255
8,5
11,1
4294967278,333
4294967279,391
8,1
4294967278,95
4294967278,90
4294967278,84
4294967278,78
4294967278,73
4294967278,72
4294967278,70
4294967278,332
4294967279,390
4294967294,991
4294967279,389
4294967294,107
4294967278,330
4294967279,388
4294967294,94
4294967294,96
4294967278,329
14,4
4294967279,387
14,3
14,2
14,1
4294967278,328
0,7
4294967294,45
4294967294,44
4294967294,1141
4294967294,53
4294967294,784
4294967294,1408
4294967294,772
4294967294,91
4294967294,86
4294967279,386
2,4
4294967294,912
4294967294,905
4294967294,50
4294967294,112
4294967294,476
8,4
4294967278,87
4294967278,82
4294967278,77
4294967278,71
4294967278,69
4294967278,66
4294967278,63
4294967278,61
4294967278,57
4294967278,56
4294967278,52
4294967278,51
4294967278,47
4294967279,110
4294967279,104
4294967279,73
4294967279,66
4294967279,58
4294967279,56
4294967279,51
4294967279,37
4294967279,36
4294967279,32
4294967279,31
4294967294,30
4294967294,473
4294967294,113
4294967294,981
4294967294,92
4294967294,88
4294967294,469
0,5
4294967279,403
4294967294,10
4294967294,990
4294967294,985
4294967294,982
4294967294,976
4294967294,975
4294967294,963
4294967294,921
4294967294,918
4294967294,914
4294967294,81
4294967294,116
4294967294,478
4294967294,984
4294967294,983
4294967294,22
4294967294,42
4294967294,99
4294967294,41
4294967294,1091
4294967294,43
4294967294,1416
4294967294,14
4294967294,20
4294967294,12
4294967294,11
4294967294,475
4294967294,979
4294967294,83
4294967294,68
4294967293,131
4294967293,130
4294967293,129
4294967293,128
4294967293,127
4294967293,126
4294967293,125
4294967293,124
4294967293,123
4294967293,122
4294967293,121
4294967293,120
4294967293,119
4294967293,118
4294967293,117
4294967293,116
4294967293,115
4294967293,114
4294967293,113
4294967293,112
4294967293,111
4294967293,110
4294967293,109
4294967293,108
4294967293,107
4294967293,106
4294967293,105
4294967293,104
4294967293,103
4294967293,102
4294967293,101
4294967293,100
4294967293,99
4294967293,98
4294967293,97
4294967293,96
4294967293,95
4294967293,94
4294967293,93
4294967293,92
4294967293,91
4294967293,90
4294967293,89
4294967293,87
4294967293,86
4294967293,85
4294967293,84
4294967293,83
4294967293,82
4294967293,81
4294967293,80
4294967293,79
4294967293,78
4294967293,77
4294967293,76
4294967293,75
4294967293,74
4294967293,73
4294967293,72
4294967293,71
4294967293,70
4294967293,69
4294967293,68
4294967293,67
4294967293,66
4294967293,65
4294967293,64
4294967293,63
4294967293,62
4294967293,61
4294967293,60
4294967293,59
4294967293,58
4294967293,57
4294967293,56
4294967293,55
4294967293,54
4294967293,53
4294967293,52
4294967293,51
4294967293,50
4294967293,49
4294967293,48
4294967293,47
4294967293,46
4294967293,45
4294967293,44
4294967293,43
4294967293,42
4294967293,41
4294967293,40
4294967293,39
4294967293,38
4294967293,37
4294967293,36
4294967293,35
4294967293,34
4294967293,33
4294967293,32
4294967293,31
4294967293,30
4294967293,29
4294967293,28
4294967293,27
4294967293,26
4294967293,25
4294967293,24
4294967293,23
4294967293,22
4294967293,21
4294967293,20
4294967293,19
4294967293,18
4294967293,17
4294967293,16
4294967293,15
4294967293,14
4294967293,13
4294967293,12
4294967293,11
4294967293,10
4294967293,9
4294967293,8
4294967293,7
4294967293,6
4294967293,5
4294967293,4
4294967293,3
4294967278,130
4294967278,129
4294967278,128
4294967278,127
4294967278,125
4294967278,124
4294967278,122
4294967278,121
4294967278,120
4294967278,119
4294967278,118
4294967278,117
4294967278,115
4294967278,114
4294967278,91
4294967278,86
4294967278,85
4294967278,83
4294967278,80
4294967278,79
4294967278,76
4294967278,75
4294967278,74
4294967278,342
4294967278,543
4294967278,68
4294967278,67
4294967278,65
4294967278,64
4294967278,62
4294967278,60
4294967278,59
4294967278,58
4294967278,55
4294967278,54
4294967278,53
4294967278,46
4294967278,42
4294967278,36
4294967278,31
4294967278,26
4294967278,12
4294967278,5
4294967278,88
4294967278,0
4294967278,4
4294967279,132
4294967279,131
4294967279,130
4294967279,129
4294967279,128
4294967279,127
4294967279,126
4294967279,125
4294967279,124
4294967279,123
4294967279,122
4294967279,121
4294967279,0
4294967279,120
4294967279,119
4294967279,118
4294967279,116
4294967279,115
4294967279,114
4294967279,109
4294967279,108
4294967279,107
4294967279,103
4294967279,395
4294967279,95
4294967279,91
4294967279,90
4294967279,87
4294967279,86
4294967279,84
4294967279,83
4294967279,82
4294967279,80
4294967279,79
4294967279,77
4294967279,76
4294967279,60
4294967279,57
4294967279,54
4294967279,47
4294967279,27
4294967279,26
4294967279,174
4294967279,88
4294967294,505
4294967294,1430
4294967294,1423
4294967294,1738
4294967294,490
4294967294,1737
4294967294,491
4294967294,0
4294967294,743
4294967294,739
4294967294,738
4294967294,737
4294967294,735
4294967294,733
4294967294,731
4294967294,728
4294967294,727
4294967294,724
4294967294,711
4294967294,701
4294967294,700
4294967294,568
4294967294,697
4294967294,924
4294967294,497
4294967294,178
4294967294,1734
4294967294,502
4294967294,952
4294967294,925
4294967294,1736
4294967294,2367
4294967294,486
4294967294,686
4294967294,684
4294967294,678
4294967294,677
4294967294,675
4294967294,674
4294967294,673
4294967294,672
4294967294,669
4294967294,668
4294967294,666
4294967294,665
4294967294,664
4294967294,662
4294967294,660
4294967294,659
4294967294,657
4294967294,656
4294967294,654
4294967294,652
4294967294,650
4294967294,649
4294967294,648
4294967294,645
4294967294,640
4294967294,638
4294967294,636
4294967294,635
4294967294,633
4294967294,632
4294967294,631
4294967294,630
4294967294,629
4294967294,628
4294967294,627
4294967294,626
4294967294,625
4294967294,624
4294967294,499
4294967294,498
4294967294,494
4294967294,774
4294967294,493
4294967294,492
4294967294,501
4294967294,500
4294967294,617
4294967294,616
4294967294,615
4294967294,614
4294967294,613
4294967294,612
4294967294,611
4294967294,608
4294967294,607
4294967294,605
4294967294,604
4294967294,603
4294967294,602
4294967294,601
4294967294,600
4294967294,599
4294967294,598
4294967294,597
4294967294,596
4294967294,595
4294967294,594
4294967294,1444
4294967294,593
4294967294,592
4294967294,591
4294967294,590
4294967294,589
4294967294,588
4294967294,585
4294967294,583
4294967294,581
4294967294,580
4294967294,318
4294967294,313
4294967294,312
4294967294,311
4294967294,139
4294967294,308
4294967294,305
4294967294,304
4294967294,298
4294967294,297
4294967294,295
4294967294,294
4294967294,553
4294967294,290
4294967294,284
4294967294,282
4294967294,280
4294967294,277
4294967294,896
4294967294,830
1,0
4294967294,270
4294967294,268
4294967294,267
4294967294,266
4294967294,265
4294967294,261
4294967294,259
4294967294,258
4294967294,257
4294967294,256
4294967294,255
4294967294,254
4294967294,253
4294967294,242
4294967294,240
4294967294,238
4294967294,1440
4294967294,237
4294967294,224
4294967294,222
4294967294,544
4294967294,219
4294967294,218
4294967294,215
4294967294,213
4294967294,212
4294967294,211
4294967294,209
4294967294,207
4294967294,1418
4294967294,1143
4294967294,1144
4294967294,206
4294967294,204
4294967294,953
4294967294,203
4294967294,202
4294967294,201
4294967294,200
4294967294,199
4294967294,444
4294967294,198
4294967294,196
4294967294,195
4294967294,194
4294967294,539
4294967294,537
4294967294,1626
4294967294,167
4294967294,534
4294967294,533
4294967294,532
4294967294,529
4294967294,791
4294967294,527
4294967294,525
4294967294,521
4294967294,1625
4294967294,541
4294967294,768
4294967294,2348
4294967294,785
4294967294,2342
4294967294,129
4294967294,1142
4294967278,340
4294967279,217
4294967278,341
4294967279,397
4294967279,394
